4 0.09846905537459283 0.17347560975609755 0.1371986970684039 0.2778048780487805
4 0.29332247557003255 0.1719512195121951 0.15557003257328988 0.26865853658536587
4 0.10254071661237785 0.5053658536585366 0.1355700325732899 0.24042682926829267
4 0.29765472312703584 0.5023170731707317 0.14472312703583062 0.24652439024390244
4 0.09817589576547231 0.8373170731707317 0.13990228013029316 0.2396341463414634
4 0.3022801302931596 0.8388414634146341 0.15068403908794786 0.23658536585365852
4 0.4960586319218241 0.8388414634146341 0.1734201954397394 0.26097560975609757
4 0.699055374592834 0.5053658536585366 0.15599348534201954 0.2892073170731707
4 0.5012052117263843 0.175 0.16745928338762214 0.27475609756097563
4 0.7012377850162866 0.1698780487804878 0.1407817589576547 0.2524390243902439
4 0.6963517915309446 0.8296951219512194 0.15055374592833876 0.2914634146341463
4 0.9026058631921825 0.49621951219512195 0.13312703583061888 0.2709146341463415
4 0.5036482084690553 0.5114634146341464 0.136514657980456 0.2648170731707317