3 0.10631921824104235 0.16890243902439023 0.16270358306188926 0.27475609756097563
3 0.10579804560260585 0.5048780487804878 0.12905537459283387 0.2576829268292683
3 0.10172638436482084 0.8347560975609757 0.1371986970684039 0.265
3 0.29876221498371336 0.16634146341463416 0.15342019543973942 0.2635975609756097
3 0.3022801302931596 0.5094512195121951 0.16371335504885992 0.2851829268292683
3 0.30254071661237786 0.8357926829268292 0.13495114006514658 0.2548780487804878
3 0.5033876221498371 0.8388414634146341 0.1717915309446254 0.28536585365853656
3 0.6985016286644951 0.506890243902439 0.148371335504886 0.28615853658536583
3 0.703941368078176 0.8266463414634146 0.16576547231270358 0.2975609756097561
3 0.9093811074918567 0.49621951219512195 0.13039087947882735 0.2709146341463415
3 0.5020195439739413 0.16634146341463416 0.15280130293159608 0.3001829268292683
3 0.5020195439739413 0.5003048780487804 0.16583061889250814 0.3278658536585366
3 0.7082736156351791 0.175 0.13534201954397393 0.27475609756097563
3 0.8903908794788274 0.1521341463414634 0.13149837133550488 0.3042682926829268